1 4 4 1 1.692772E-05 2.360344E-05 1.394366E+00 1.192093E-06 1.600000E+00 7.867813E-06 7.867813E-06 2.145767E-05 6.675720E-06 2.026558E-05 1.022816E-04 
8 8 4 8 1.797676E-04 3.097057E-04 1.722812E+00 2.312660E-05 1.443299E+00 8.344650E-06 8.344650E-06 2.384186E-05 6.437302E-06 1.907349E-05 3.941059E-04 
64 16 4 64 2.039549E-01 1.643855E+00 8.059893E+00 2.210515E-01 2.750363E+00 6.198883E-06 6.198883E-06 1.835823E-05 7.152557E-06 1.788139E-05 2.195973E+00 
1 8 8 1 1.025200E-05 1.382828E-05 1.348837E+00 2.384186E-06 1.200000E+00 2.312660E-05 2.312660E-05 1.006126E-04 2.241135E-05 6.771088E-05 2.031326E-04 
8 16 8 8 4.982948E-05 9.512901E-05 1.909091E+00 3.600121E-05 1.298013E+00 4.458427E-05 4.458427E-05 1.335144E-04 3.528595E-05 1.070499E-04 4.014969E-04 
64 32 8 64 2.639072E-01 1.898048E+00 7.192105E+00 2.397442E-01 2.551746E+00 4.625320E-05 4.625320E-05 1.387596E-04 3.767014E-05 1.089573E-04 2.459912E+00 
1 16 16 1 3.147125E-05 4.315376E-05 1.371212E+00 5.245209E-06 1.181818E+00 3.545284E-04 3.545284E-04 1.100540E-03 3.533363E-04 1.055241E-03 3.263950E-03 
8 32 16 8 4.172325E-05 2.591610E-04 6.211429E+00 2.417564E-04 1.042406E+00 3.576279E-04 3.576279E-04 1.049757E-03 2.911091E-04 9.899139E-04 2.521515E-03 
64 64 16 64 2.996650E-01 1.839676E+00 6.139109E+00 2.859414E-01 2.161632E+00 3.235769E-02 3.235769E-02 3.311753E-02 2.830029E-04 8.461475E-04 2.423728E+00 
1 32 32 1 1.478195E-05 1.978874E-05 1.338710E+00 5.006790E-06 1.095238E+00 2.050877E-03 2.050877E-03 6.948471E-03 1.454115E-03 4.288912E-03 1.595783E-02 
8 64 32 8 3.211498E-04 7.901192E-04 2.460282E+00 1.195359E-02 1.001476E+00 6.526232E-03 6.526232E-03 1.409101E-02 2.411604E-03 7.170677E-03 2.815199E-02 
1 64 64 1 2.145767E-05 2.717972E-05 1.266667E+00 4.529953E-06 1.157895E+00 1.109934E-02 1.109934E-02 3.272152E-02 1.052976E-02 3.217864E-02 7.224798E-02 
